50
MOTO001 0 4 1768578707
MOTO002 0 0 1768578710
MOTO003 0 1 1768578715
MOTO004 0 2 1768578720
MOTO005 0 3 1768578725
MOTO006 0 4 1768578730
MOTO007 0 0 1768578735
MOTO008 0 1 1768578740
MOTO009 0 2 1768578745
MOTO010 0 3 1768578750
THREE001 1 4 1768578755
THREE002 1 0 1768578760
THREE003 1 1 1768578765
THREE004 1 2 1768578770
THREE005 1 3 1768578775
THREE006 1 4 1768578780
THREE007 1 0 1768578785
THREE008 1 1 1768578790
THREE009 1 2 1768578795
THREE010 1 3 1768578800
CAR001 2 3 1768578805
CAR002 2 0 1768578810
CAR003 2 1 1768578815
CAR004 2 2 1768578820
CAR005 2 3 1768578825
CAR006 2 4 1768578830
CAR007 2 0 1768578835
CAR008 2 1 1768578840
CAR009 2 2 1768578845
CAR010 2 3 1768578850
VAN001 3 3 1768578855
VAN002 3 0 1768578860
VAN003 3 1 1768578865
VAN004 3 2 1768578870
VAN005 3 3 1768578875
VAN006 3 4 1768578880
VAN007 3 0 1768578885
VAN008 3 1 1768578890
VAN009 3 2 1768578895
VAN010 3 3 1768578900
BUS001 4 4 1768578905
BUS002 4 0 1768578910
BUS003 4 1 1768578915
BUS004 4 2 1768578920
BUS005 4 3 1768578925
BUS006 4 4 1768578930
BUS007 4 0 1768578935
BUS008 4 1 1768578940
BUS009 4 2 1768578945
BUS010 4 3 1768578950
